     metric                  model  aug_mape  aug_2023  aug_2024  aug_2025  aug_mape_2024_25  monthly_mape  monthly_median_ape  monthly_n  forecast_aug_2026
individuals             mlp_county    0.0679    0.1459    0.0127    0.0450            0.0288        0.0511              0.0450         31       7.588584e+05
individuals       bolt_small_state    0.0651    0.1308    0.0250    0.0394            0.0322        0.0519              0.0405         31       7.383969e+05
individuals           nhits_county    0.0517    0.1082    0.0050    0.0419            0.0234        0.0525              0.0424         31       7.587833e+05
individuals            dl_ensemble    0.0632    0.1386    0.0105    0.0404            0.0254        0.0529              0.0442         31       7.542598e+05
individuals       bolt_base_county    0.0549    0.1309    0.0041    0.0296            0.0169        0.0536              0.0410         31       7.394156e+05
individuals    bolt_base_state_log    0.0498    0.1267    0.0025    0.0202            0.0113        0.0544              0.0501         31       7.256641e+05
individuals chronos2_county_xlearn    0.0564    0.1244    0.0035    0.0413            0.0224        0.0544              0.0454         31       7.537026e+05
individuals        bolt_tiny_state    0.0708    0.1456    0.0146    0.0521            0.0333        0.0545              0.0431         31       7.477598e+05
individuals        chronos2_county    0.0613    0.1262    0.0079    0.0497            0.0288        0.0545              0.0457         31       7.505008e+05
individuals          nbeats_county    0.0871    0.1798    0.0412    0.0403            0.0407        0.0546              0.0561         31       7.527519e+05
individuals            zs_ensemble    0.0539    0.1205    0.0069    0.0343            0.0206        0.0554              0.0416         31       7.466458e+05
individuals     bolt_base_foodbank    0.0543    0.1282    0.0039    0.0307            0.0173        0.0557              0.0489         31       7.380379e+05
individuals        bolt_base_state    0.0522    0.1230    0.0097    0.0238            0.0168        0.0558              0.0459         31       7.401639e+05
individuals  chronos2_multivar_log    0.0546    0.1129    0.0190    0.0320            0.0255        0.0565              0.0493         31       7.490905e+05
individuals      chronos2_foodbank    0.0583    0.1149    0.0143    0.0456            0.0299        0.0571              0.0532         31       7.459375e+05
individuals     chronos2_state_log    0.0547    0.1123    0.0224    0.0293            0.0259        0.0581              0.0539         31       7.492727e+05
individuals         chronos2_state    0.0528    0.1111    0.0207    0.0264            0.0236        0.0581              0.0500         31       7.497490e+05
     pounds             mlp_county    0.0400    0.1020    0.0047    0.0134            0.0091        0.0396              0.0299         31       1.274232e+07
     pounds chronos2_county_xlearn    0.0617    0.1430    0.0029    0.0392            0.0210        0.0412              0.0349         31       1.290512e+07
     pounds       bolt_small_state    0.0558    0.1495    0.0121    0.0059            0.0090        0.0415              0.0417         31       1.279608e+07
     pounds        chronos2_county    0.0604    0.1483    0.0029    0.0299            0.0164        0.0418              0.0366         31       1.283097e+07
     pounds    bolt_base_state_log    0.0605    0.1405    0.0011    0.0399            0.0205        0.0427              0.0382         31       1.261993e+07
     pounds     bolt_base_foodbank    0.0611    0.1473    0.0031    0.0328            0.0180        0.0428              0.0367         31       1.280415e+07
     pounds        bolt_tiny_state    0.0596    0.1523    0.0091    0.0174            0.0132        0.0430              0.0331         31       1.281912e+07
     pounds            zs_ensemble    0.0584    0.1404    0.0064    0.0283            0.0174        0.0432              0.0401         31       1.281633e+07
     pounds            dl_ensemble    0.0518    0.1225    0.0153    0.0176            0.0164        0.0433              0.0394         31       1.279114e+07
     pounds        bolt_base_state    0.0578    0.1376    0.0054    0.0304            0.0179        0.0433              0.0333         31       1.271225e+07
     pounds       bolt_base_county    0.0681    0.1561    0.0068    0.0415            0.0241        0.0435              0.0415         31       1.276041e+07
     pounds           nhits_county    0.0450    0.1166    0.0004    0.0182            0.0093        0.0443              0.0431         31       1.287619e+07
     pounds      chronos2_foodbank    0.0574    0.1373    0.0009    0.0341            0.0175        0.0447              0.0395         31       1.284189e+07
     pounds  chronos2_multivar_log    0.0512    0.1273    0.0000    0.0263            0.0132        0.0449              0.0408         31       1.290975e+07
     pounds         chronos2_state    0.0601    0.1335    0.0216    0.0252            0.0234        0.0463              0.0440         31       1.287852e+07
     pounds     chronos2_state_log    0.0589    0.1352    0.0168    0.0247            0.0207        0.0468              0.0459         31       1.290576e+07
     pounds          nbeats_county    0.0637    0.1309    0.0498    0.0104            0.0301        0.0478              0.0440         31       1.272975e+07
     visits             mlp_county    0.0700    0.1372    0.0127    0.0601            0.0364        0.0460              0.0431         31       2.449268e+05
     visits       bolt_small_state    0.0672    0.1206    0.0310    0.0500            0.0405        0.0461              0.0329         31       2.412267e+05
     visits            dl_ensemble    0.0672    0.1323    0.0100    0.0592            0.0346        0.0477              0.0419         31       2.450079e+05
     visits           nhits_county    0.0605    0.1016    0.0196    0.0604            0.0400        0.0481              0.0401         31       2.477932e+05
     visits    bolt_base_state_log    0.0613    0.1238    0.0092    0.0510            0.0301        0.0482              0.0447         31       2.402719e+05
     visits chronos2_county_xlearn    0.0663    0.1170    0.0264    0.0555            0.0409        0.0484              0.0396         31       2.429927e+05
     visits       bolt_base_county    0.0711    0.1277    0.0257    0.0598            0.0427        0.0489              0.0464         31       2.412432e+05
     visits        bolt_tiny_state    0.0773    0.1395    0.0266    0.0658            0.0462        0.0490              0.0363         31       2.431128e+05
     visits        chronos2_county    0.0743    0.1241    0.0293    0.0694            0.0494        0.0492              0.0440         31       2.436253e+05
     visits            zs_ensemble    0.0667    0.1179    0.0240    0.0581            0.0410        0.0496              0.0430         31       2.434231e+05
     visits        bolt_base_state    0.0611    0.1175    0.0068    0.0589            0.0329        0.0496              0.0439         31       2.430132e+05
     visits          nbeats_county    0.0824    0.1725    0.0164    0.0582            0.0373        0.0505              0.0478         31       2.438886e+05
     visits     bolt_base_foodbank    0.0665    0.1275    0.0180    0.0540            0.0360        0.0506              0.0445         31       2.404419e+05
     visits  chronos2_multivar_log    0.0629    0.1079    0.0311    0.0497            0.0404        0.0510              0.0463         31       2.437295e+05
     visits         chronos2_state    0.0649    0.1134    0.0355    0.0460            0.0407        0.0511              0.0429         31       2.429600e+05
     visits     chronos2_state_log    0.0647    0.1122    0.0359    0.0459            0.0409        0.0515              0.0459         31       2.436307e+05
     visits      chronos2_foodbank    0.0724    0.1190    0.0271    0.0711            0.0491        0.0525              0.0493         31       2.424521e+05
total runtime 678s
