=== (a) churn, last 14 months ===
     month  n_report  continuing  entries  exits  retention  first_ever  returning  gap_return_next  gap_return_ever  entry_mass_visits  exit_mass_visits  repeat_rows  repeat_share
2025-06-01       462       460.0      2.0    5.0      0.989         0.0        2.0            0.600            0.800              842.0            2077.0           70         0.152
2025-07-01       457       453.0      4.0    9.0      0.981         0.0        4.0            0.556            0.778             2327.0            1601.0           27         0.059
2025-08-01       461       451.0     10.0    6.0      0.987         3.0        7.0            0.667            0.833             1393.0            2811.0           26         0.056
2025-09-01       468       457.0     11.0    4.0      0.991         3.0        8.0            0.250            0.750             8148.0              95.0           21         0.045
2025-10-01       461       457.0      4.0   11.0      0.976         1.0        3.0            0.636            0.636             3333.0            1512.0           21         0.046
2025-11-01       468       455.0     13.0    6.0      0.987         3.0       10.0            0.500            0.667             1390.0            4338.0           44         0.094
2025-12-01       453       450.0      3.0   18.0      0.962         0.0        3.0            0.722            0.833              906.0            1473.0           10         0.022
2026-01-01       461       445.0     16.0    8.0      0.982         2.0       14.0            0.750            0.875              642.0             582.0            8         0.017
2026-02-01       469       448.0     21.0   13.0      0.972        11.0       10.0            0.538            0.692             1545.0            1094.0           16         0.034
2026-03-01       478       467.0     11.0    2.0      0.996         1.0       10.0            0.000            0.000             2810.0             377.0           26         0.054
2026-04-01       475       471.0      4.0    7.0      0.985         2.0        2.0            0.429            0.571             1303.0            3032.0           27         0.057
2026-05-01       463       458.0      5.0   17.0      0.964         1.0        4.0            0.412            0.588             1534.0            8723.0           23         0.050
2026-06-01       464       456.0      8.0    7.0      0.985         0.0        8.0            0.429            0.429              783.0            2395.0           22         0.047
2026-07-01       462       456.0      6.0    8.0      0.983         0.0        6.0              NaN              NaN             1837.0             339.0           26         0.056

mean retention 2024-01..2026-06: 0.9834  Jul2026: 0.9828
mean gap_return_next (2024-2026/05): 0.524

last-month check (tail 8):
             n_report  n_vs_prev3  visits_yoy  pounds_yoy  indiv_yoy  visits_per_site_yoy
month                                                                                   
2025-12-01       453       0.973       0.037      -0.024     -0.004                0.085
2026-01-01       461       1.001      -0.040      -0.030     -0.076               -0.036
2026-02-01       469       1.018       0.112       0.130      0.187                0.071
2026-03-01       478       1.037       0.142       0.104      0.165                0.106
2026-04-01       475       1.012      -0.000       0.024      0.021               -0.030
2026-05-01       463       0.977      -0.072      -0.052     -0.023               -0.068
2026-06-01       464       0.983       0.011       0.050      0.067                0.007
2026-07-01       462       0.989      -0.080       0.017     -0.039               -0.090

rows present but no numbers, tail:
 month
2025-12-01    55
2026-01-01    42
2026-02-01    35
2026-03-01    28
2026-04-01    26
2026-05-01    43
2026-06-01    28
2026-07-01    26

core (all Jan-Jun) sites missing July:
  year  core_sites  core_missing_july  missing_jun_level_visits
 2023         478                  8               1244.833333
 2024         453                 10               1225.833333
 2025         439                  5                667.666667
 2026         431                  5                  0.000000

=== (b) shift-share ===
     period      metric   prev_total    cur_total     yoy  same_site_contrib  entry_contrib  exit_contrib  same_site_growth  share_prev_mass_continuing
    Aug2023      visits    191311.00 2.372430e+05  0.2401             0.2946         0.0774       -0.1319            0.3394                      0.8681
    Aug2023      pounds  10885355.60 1.315252e+07  0.2083             0.2123         0.0366       -0.0407            0.2214                      0.9593
    Aug2023 individuals    536697.00 7.265180e+05  0.3537             0.3681         0.0684       -0.0827            0.4013                      0.9173
    Aug2024      visits    237243.00 2.414780e+05  0.0179             0.0521         0.0197       -0.0540            0.0551                      0.9460
    Aug2024      pounds  13152521.18 1.322345e+07  0.0054             0.0405         0.0248       -0.0599            0.0431                      0.9401
    Aug2024 individuals    726518.00 7.451160e+05  0.0256             0.0525         0.0202       -0.0471            0.0551                      0.9529
    Aug2025      visits    241478.00 2.402900e+05 -0.0049             0.0115         0.0135       -0.0300            0.0119                      0.9700
    Aug2025      pounds  13223454.98 1.282157e+07 -0.0304            -0.0169         0.0069       -0.0204           -0.0172                      0.9796
    Aug2025 individuals    745116.00 7.244180e+05 -0.0278            -0.0183         0.0101       -0.0195           -0.0187                      0.9805
     CY2023      visits   1963252.00 2.482281e+06  0.2644             0.2300         0.0823       -0.0479            0.2416                      0.9521
     CY2023      pounds 118642135.37 1.399194e+08  0.1793             0.1629         0.0435       -0.0270            0.1674                      0.9730
     CY2023 individuals   5624020.00 7.612998e+06  0.3537             0.3183         0.0725       -0.0371            0.3306                      0.9629
     CY2024      visits   2482281.00 2.862553e+06  0.1532             0.1615         0.0363       -0.0446            0.1690                      0.9554
     CY2024      pounds 139919373.95 1.554067e+08  0.1107             0.1224         0.0390       -0.0507            0.1289                      0.9493
     CY2024 individuals   7612998.00 8.994051e+06  0.1814             0.1856         0.0361       -0.0403            0.1934                      0.9597
     CY2025      visits   2862553.00 3.018357e+06  0.0544             0.0730         0.0165       -0.0351            0.0757                      0.9649
     CY2025      pounds 155406706.77 1.510302e+08 -0.0282            -0.0069         0.0083       -0.0295           -0.0071                      0.9705
     CY2025 individuals   8994051.00 9.042249e+06  0.0054             0.0219         0.0129       -0.0295            0.0226                      0.9705
Jan-Jul2026      visits   1741344.00 1.757041e+06  0.0090             0.0006         0.0423       -0.0339            0.0007                      0.9661
Jan-Jul2026      pounds  86247211.64 8.916114e+07  0.0338             0.0300         0.0239       -0.0202            0.0306                      0.9798
Jan-Jul2026 individuals   5212238.00 5.426870e+06  0.0412             0.0259         0.0380       -0.0227            0.0265                      0.9773
May-Jul2026      visits    744344.00 7.084500e+05 -0.0482            -0.0438         0.0435       -0.0479           -0.0460                      0.9521
May-Jul2026      pounds  36599222.09 3.677182e+07  0.0047             0.0123         0.0243       -0.0319            0.0127                      0.9681
May-Jul2026 individuals   2189899.00 2.190233e+06  0.0002            -0.0067         0.0402       -0.0333           -0.0070                      0.9667
    Jul2026      visits    260002.00 2.391430e+05 -0.0802            -0.0764         0.0430       -0.0468           -0.0801                      0.9532
    Jul2026      pounds  12779070.84 1.299935e+07  0.0172             0.0163         0.0286       -0.0276            0.0168                      0.9724
    Jul2026 individuals    768982.00 7.393150e+05 -0.0386            -0.0432         0.0392       -0.0346           -0.0447                      0.9654

=== (c) August seasonality ===
     metric         group  year  aug_jul  aug_mayjul
     visits     STATEWIDE  2022    1.111       1.150
     visits     STATEWIDE  2023    1.125       1.126
     visits     STATEWIDE  2024    1.026       1.033
     visits     STATEWIDE  2025    0.924       0.968
     visits MATCHED_PANEL  2022    1.106       1.138
     visits MATCHED_PANEL  2023    1.122       1.113
     visits MATCHED_PANEL  2024    1.046       1.058
     visits MATCHED_PANEL  2025    0.929       0.975
     pounds     STATEWIDE  2022    1.125       1.095
     pounds     STATEWIDE  2023    1.153       1.128
     pounds     STATEWIDE  2024    0.995       1.017
     pounds     STATEWIDE  2025    1.003       1.051
     pounds MATCHED_PANEL  2022    1.122       1.086
     pounds MATCHED_PANEL  2023    1.152       1.116
     pounds MATCHED_PANEL  2024    1.014       1.040
     pounds MATCHED_PANEL  2025    1.006       1.056
individuals     STATEWIDE  2022    1.108       1.095
individuals     STATEWIDE  2023    1.136       1.139
individuals     STATEWIDE  2024    1.018       1.007
individuals     STATEWIDE  2025    0.942       0.992
individuals MATCHED_PANEL  2022    1.100       1.078
individuals MATCHED_PANEL  2023    1.134       1.125
individuals MATCHED_PANEL  2024    1.037       1.032
individuals MATCHED_PANEL  2025    0.945       0.996
                                           aug_jul                      aug_mayjul                     
                                              mean    std    min    max       mean    std    min    max
metric      group                                                                                      
individuals Channel One Regional Food Bank   0.993  0.071  0.928  1.072      1.010  0.043  0.978  1.069
            MATCHED_PANEL                    1.054  0.083  0.945  1.134      1.058  0.056  0.996  1.125
            North Country Food Bank          0.975  0.089  0.908  1.104      1.016  0.095  0.922  1.126
            STATEWIDE                        1.051  0.089  0.942  1.136      1.058  0.070  0.992  1.139
            Second Harvest Heartland         1.064  0.082  0.953  1.133      1.071  0.073  0.999  1.146
            Second Harvest Northland         0.999  0.131  0.857  1.115      0.941  0.069  0.873  1.018
            The Food Group                   1.069  0.104  0.943  1.164      1.083  0.089  0.999  1.170
pounds      Channel One Regional Food Bank   1.073  0.086  0.945  1.131      1.061  0.069  0.962  1.120
            MATCHED_PANEL                    1.074  0.074  1.006  1.152      1.074  0.033  1.040  1.116
            North Country Food Bank          1.092  0.107  0.950  1.186      1.130  0.119  0.994  1.242
            STATEWIDE                        1.069  0.082  0.995  1.153      1.073  0.049  1.017  1.128
            Second Harvest Heartland         1.090  0.072  1.000  1.151      1.096  0.053  1.017  1.129
            Second Harvest Northland         0.987  0.136  0.845  1.166      0.957  0.111  0.811  1.081
            The Food Group                   1.052  0.119  0.949  1.162      1.058  0.069  0.996  1.147
visits      Channel One Regional Food Bank   1.010  0.073  0.926  1.083      1.039  0.052  0.974  1.089
            MATCHED_PANEL                    1.051  0.087  0.929  1.122      1.071  0.072  0.975  1.138
            North Country Food Bank          1.010  0.106  0.942  1.167      1.033  0.075  0.956  1.127
            STATEWIDE                        1.047  0.093  0.924  1.125      1.070  0.084  0.968  1.150
            Second Harvest Heartland         1.052  0.101  0.909  1.132      1.090  0.094  0.979  1.180
            Second Harvest Northland         1.015  0.137  0.875  1.161      0.991  0.116  0.859  1.134
            The Food Group                   1.064  0.086  0.952  1.135      1.069  0.084  0.969  1.155

=== (d) flag sensitivity (Aug) ===
 year      metric       total  pct_outlier  pct_dup_summed  pct_typo_fixed  pct_hh_gt_indiv  pct_repeat  n_outlier  n_repeat  yoy_all  yoy_drop_outlier_repeat
 2022      visits   191311.00       0.0085          0.0000             0.0           0.0071      0.0001          1        26      NaN                      NaN
 2022      pounds 10885355.60       0.0037          0.0000             0.0           0.0023      0.0000          1        26      NaN                      NaN
 2022 individuals   538474.00       0.0124          0.0000             0.0           0.0023      0.0000          1        26      NaN                      NaN
 2023      visits   237243.00       0.0000          0.0000             0.0           0.0001      0.0000          0        41   0.2401                   0.2509
 2023      pounds 13154185.78       0.0000          0.0000             0.0           0.0001      0.0000          0        41   0.2084                   0.2129
 2023 individuals   729120.00       0.0000          0.0000             0.0           0.0000      0.0000          0        41   0.3540                   0.3710
 2024      visits   241478.00       0.0000          0.0036             0.0           0.0012      0.0007          0        32   0.0179                   0.0171
 2024      pounds 13235462.38       0.0000          0.0030             0.0           0.0005      0.0003          0        32   0.0062                   0.0059
 2024 individuals   745923.00       0.0000          0.0022             0.0           0.0003      0.0002          0        32   0.0230                   0.0228
 2025      visits   240290.00       0.0000          0.0000             0.0           0.0047      0.0006          1        26  -0.0049                  -0.0049
 2025      pounds 12821574.42       0.0000          0.0000             0.0           0.0012      0.0003          1        26  -0.0313                  -0.0313
 2025 individuals   727272.00       0.0038          0.0000             0.0           0.0016      0.0002          1        26  -0.0250                  -0.0287

repeat share by month tail:
             repeat_rows  repeat_share
month                                
2025-12-01           10         0.022
2026-01-01            8         0.017
2026-02-01           16         0.034
2026-03-01           26         0.054
2026-04-01           27         0.057
2026-05-01           23         0.050
2026-06-01           22         0.047
2026-07-01           26         0.056
Jul 2026 repeat-row mass share: {'visits': 0.0004, 'pounds': 0.0003, 'individuals': 0.0002}
flags tail:
             flag_outlier  repeat
month                           
2025-12-01             0      10
2026-01-01             0       8
2026-02-01             4      16
2026-03-01             3      26
2026-04-01             2      27
2026-05-01             0      23
2026-06-01             1      22
2026-07-01             0      26

=== (a2) within-site July drop profile (Jul vs Apr-Jun mean, sites reporting all 4) ===
 year      metric   n  share_drop_gt50  share_zero_july  median_ratio  agg_ratio
 2022      visits 400            0.042            0.025         1.010      1.073
 2023      visits 459            0.081            0.054         1.007      1.019
 2024      visits 451            0.064            0.049         1.013      1.006
 2025      visits 434            0.053            0.030         1.043      1.046
 2026      visits 430            0.044            0.026         1.017      0.986
 2022      pounds 399            0.045            0.023         0.990      0.963
 2023      pounds 459            0.092            0.057         0.961      0.986
 2024      pounds 451            0.073            0.049         1.012      1.034
 2025      pounds 434            0.083            0.041         1.047      1.048
 2026      pounds 430            0.049            0.026         1.057      1.057
 2022 individuals 400            0.058            0.025         1.016      0.981
 2023 individuals 461            0.078            0.056         1.009      1.013
 2024 individuals 451            0.071            0.049         1.018      0.984
 2025 individuals 434            0.051            0.030         1.050      1.047
 2026 individuals 431            0.051            0.026         1.033      0.988
Jul26 vs Jul25 matched-site visits change concentration: {'total_matched_change': -19860, 'top10_negative': -20992, 'top10_positive': 7871, 'n_matched': 427}
share of repeat rows that are zero-visit rows: 0.844
