     metric                     model  aug_mape  aug_2023  aug_2024  aug_2025  aug_mape_2024_25  monthly_mape  monthly_median_ape  monthly_n  forecast_aug_2026
individuals     combo_dyoy_xmetric_fb    0.0747    0.1355    0.0588    0.0297            0.0442        0.0581              0.0436         31       7.220888e+05
individuals panel_same_site_6m_damped    0.1020    0.1673    0.0973    0.0414            0.0694        0.0584              0.0461         31       7.443838e+05
individuals             damped_yoy_3m    0.0750    0.1502    0.0534    0.0215            0.0374        0.0586              0.0456         31       7.252299e+05
individuals         xmetric_dyoy_flat    0.0568    0.0954    0.0624    0.0126            0.0375        0.0588              0.0539         31       7.250079e+05
individuals          foodbank_dyoy_6m    0.0921    0.1420    0.1090    0.0253            0.0671        0.0589              0.0507         31       7.465736e+05
individuals          foodbank_dyoy_3m    0.0791    0.1481    0.0680    0.0210            0.0445        0.0589              0.0454         31       7.249591e+05
individuals    xmetric_dyoy_12m_ratio    0.0699    0.1083    0.0550    0.0465            0.0507        0.0589              0.0409         31       7.160774e+05
individuals    panel_same_site_damped    0.0844    0.1613    0.0558    0.0360            0.0459        0.0589              0.0485         31       7.249074e+05
individuals           panel_carry_d05    0.0687    0.1545    0.0250    0.0267            0.0258        0.0590              0.0419         31       7.189435e+05
individuals     xmetric_dyoy_seasonal    0.0751    0.1400    0.0733    0.0120            0.0426        0.0592              0.0434         31       7.415082e+05
individuals           inner_dyoy_top5    0.0645    0.0517    0.1148    0.0271            0.0710        0.0602              0.0519         31       7.290044e+05
individuals       inner_dyoy_24o_top5    0.0737    0.0517    0.1268    0.0426            0.0847        0.0624              0.0489         31       7.328776e+05
individuals           sites_x_avg_d05    0.0644    0.1397    0.0356    0.0179            0.0268        0.0632              0.0533         31       7.269709e+05
individuals           inner_dyoy_best    0.0560    0.0267    0.1157    0.0255            0.0706        0.0639              0.0494         31       7.272720e+05
individuals            panel_carry_d1    0.0652    0.0596    0.0992    0.0368            0.0680        0.0671              0.0481         31       7.167131e+05
individuals      panel_same_site_only    0.0806    0.0612    0.1341    0.0464            0.0903        0.0710              0.0569         31       7.225429e+05
individuals      sites_x_avg_undamped    0.0826    0.0808    0.1352    0.0318            0.0835        0.0727              0.0561         31       7.261463e+05
individuals           site_build_prob    0.0658    0.0473    0.0736    0.0765            0.0751        0.0738              0.0606         31       7.593148e+05
individuals          ratio_last_month    0.0943    0.0240    0.1023    0.1565            0.1294        0.0763              0.0685         31       7.623974e+05
individuals    site_build_active_only    0.0731    0.0432    0.0878    0.0884            0.0881        0.0785              0.0644         31       7.700365e+05
individuals             ratio_last_3m    0.0788    0.0389    0.1073    0.0901            0.0987        0.0806              0.0643         31       7.632542e+05
individuals            seasonal_naive    0.1032    0.2615    0.0225    0.0256            0.0241        0.0875              0.0463         31       7.272720e+05
     pounds     combo_dyoy_xmetric_fb    0.0423    0.0788    0.0471    0.0008            0.0240        0.0502              0.0402         31       1.253977e+07
     pounds           sites_x_avg_d05    0.0443    0.0836    0.0406    0.0086            0.0246        0.0506              0.0406         31       1.308985e+07
     pounds           panel_carry_d05    0.0423    0.1052    0.0207    0.0010            0.0108        0.0513              0.0338         31       1.277036e+07
     pounds             damped_yoy_3m    0.0506    0.1006    0.0508    0.0002            0.0255        0.0516              0.0400         31       1.285052e+07
     pounds          foodbank_dyoy_3m    0.0516    0.1006    0.0541    0.0001            0.0271        0.0521              0.0410         31       1.286632e+07
     pounds    xmetric_dyoy_12m_ratio    0.0247    0.0353    0.0364    0.0024            0.0194        0.0530              0.0423         31       1.190248e+07
     pounds      sites_x_avg_undamped    0.0668    0.0700    0.1141    0.0162            0.0652        0.0535              0.0396         31       1.306630e+07
     pounds            panel_carry_d1    0.0456    0.0412    0.0790    0.0167            0.0479        0.0535              0.0472         31       1.283763e+07
     pounds          foodbank_dyoy_6m    0.0630    0.0997    0.0786    0.0109            0.0447        0.0539              0.0375         31       1.312613e+07
     pounds    panel_same_site_damped    0.0594    0.1061    0.0561    0.0161            0.0361        0.0542              0.0409         31       1.289187e+07
     pounds         xmetric_dyoy_flat    0.0613    0.0862    0.0529    0.0450            0.0489        0.0554              0.0470         31       1.217729e+07
     pounds           inner_dyoy_top5    0.0614    0.0404    0.1212    0.0227            0.0719        0.0558              0.0554         31       1.311002e+07
     pounds       inner_dyoy_24o_top5    0.0576    0.0404    0.1212    0.0112            0.0662        0.0559              0.0463         31       1.285809e+07
     pounds panel_same_site_6m_damped    0.0731    0.1136    0.0765    0.0292            0.0529        0.0562              0.0428         31       1.308876e+07
     pounds           site_build_prob    0.0369    0.0315    0.0636    0.0156            0.0396        0.0590              0.0506         31       1.296559e+07
     pounds     xmetric_dyoy_seasonal    0.0812    0.1309    0.0528    0.0597            0.0563        0.0591              0.0464         31       1.320574e+07
     pounds      panel_same_site_only    0.0527    0.0398    0.1183    0.0000            0.0592        0.0599              0.0556         31       1.296216e+07
     pounds           inner_dyoy_best    0.0645    0.0267    0.1506    0.0163            0.0834        0.0600              0.0516         31       1.323900e+07
     pounds    site_build_active_only    0.0440    0.0262    0.0792    0.0265            0.0529        0.0633              0.0480         31       1.316319e+07
     pounds             ratio_last_3m    0.0494    0.0287    0.0919    0.0275            0.0597        0.0637              0.0484         31       1.305425e+07
     pounds            seasonal_naive    0.0703    0.1725    0.0061    0.0323            0.0192        0.0659              0.0406         31       1.282157e+07
     pounds          ratio_last_month    0.0851    0.0232    0.1434    0.0887            0.1161        0.0769              0.0691         31       1.364651e+07
     visits    panel_same_site_damped    0.0637    0.0962    0.0412    0.0537            0.0474        0.0537              0.0459         31       2.347594e+05
     visits             damped_yoy_3m    0.0528    0.0862    0.0366    0.0357            0.0361        0.0543              0.0431         31       2.344963e+05
     visits    xmetric_dyoy_12m_ratio    0.0528    0.0862    0.0366    0.0357            0.0361        0.0543              0.0431         31       2.344963e+05
     visits         xmetric_dyoy_flat    0.0528    0.0862    0.0366    0.0357            0.0361        0.0543              0.0431         31       2.344963e+05
     visits     xmetric_dyoy_seasonal    0.0528    0.0862    0.0366    0.0357            0.0361        0.0543              0.0431         31       2.344963e+05
     visits     combo_dyoy_xmetric_fb    0.0538    0.0865    0.0394    0.0356            0.0375        0.0544              0.0434         31       2.344634e+05
     visits          foodbank_dyoy_3m    0.0558    0.0870    0.0450    0.0355            0.0402        0.0545              0.0450         31       2.343974e+05
     visits panel_same_site_6m_damped    0.0882    0.1276    0.0833    0.0536            0.0685        0.0553              0.0461         31       2.414076e+05
     visits          foodbank_dyoy_6m    0.0758    0.1033    0.0910    0.0331            0.0620        0.0584              0.0406         31       2.424894e+05
     visits       inner_dyoy_24o_top5    0.0647    0.0342    0.0902    0.0695            0.0799        0.0594              0.0606         31       2.397909e+05
     visits           panel_carry_d05    0.0461    0.0902    0.0071    0.0410            0.0240        0.0598              0.0476         31       2.308378e+05
     visits           inner_dyoy_top5    0.0521    0.0342    0.0902    0.0319            0.0611        0.0600              0.0605         31       2.391714e+05
     visits           inner_dyoy_best    0.0484    0.0129    0.0966    0.0357            0.0661        0.0600              0.0584         31       2.423550e+05
     visits            panel_carry_d1    0.0505    0.0005    0.0626    0.0886            0.0756        0.0628              0.0625         31       2.257013e+05
     visits           sites_x_avg_d05    0.0431    0.0733    0.0229    0.0331            0.0280        0.0641              0.0550         31       2.350735e+05
     visits      panel_same_site_only    0.0678    0.0012    0.0998    0.1024            0.1011        0.0666              0.0620         31       2.292288e+05
     visits           site_build_prob    0.0714    0.0160    0.0716    0.1267            0.0992        0.0689              0.0525         31       2.450253e+05
     visits      sites_x_avg_undamped    0.0672    0.0220    0.0937    0.0860            0.0899        0.0694              0.0660         31       2.288145e+05
     visits    site_build_active_only    0.0809    0.0192    0.0855    0.1380            0.1118        0.0707              0.0563         31       2.481730e+05
     visits             ratio_last_3m    0.0876    0.0213    0.1023    0.1391            0.1207        0.0732              0.0591         31       2.462044e+05
     visits          ratio_last_month    0.0930    0.0129    0.0895    0.1766            0.1331        0.0760              0.0635         31       2.451695e+05
     visits            seasonal_naive    0.0720    0.1936    0.0175    0.0049            0.0112        0.0852              0.0772         31       2.402900e+05
